307,3
307,2
307,1
307,0
306,3
306,2
306,1
306,0
305,3
305,2
305,1
305,0
304,3
304,2
304,1
304,0
303,3
303,2
303,1
303,0
302,3
302,2
302,1
302,0
301,3
301,2
301,1
301,0
300,3
300,2
300,1
300,0
299,3
299,2
299,1
299,0
298,3
298,2
298,1
298,0
297,3
297,2
297,1
297,0
296,3
296,2
296,1
296,0
295,3
295,2
295,1
295,0
294,3
294,2
294,1
294,0
293,3
293,2
293,1
293,0
292,3
292,2
292,1
292,0
291,3
291,2
291,1
291,0
290,3
290,2
290,1
290,0
289,3
289,2
289,1
289,0
288,3
288,2
288,1
288,0
287,3
287,2
287,1
287,0
286,3
286,2
286,1
286,0
285,3
285,2
285,1
285,0
284,3
284,2
284,1
284,0
283,3
283,2
283,1
283,0
282,3
282,2
282,1
282,0
281,3
281,2
281,1
281,0
280,3
280,2
280,1
280,0
279,3
279,2
279,1
279,0
278,3
278,2
278,1
278,0
277,3
277,2
277,1
277,0
276,3
276,2
276,1
276,0
275,3
275,2
275,1
275,0
274,3
274,2
274,1
274,0
273,3
273,2
273,1
273,0
272,3
272,2
272,1
272,0
271,3
271,2
271,1
271,0
270,3
270,2
270,1
270,0
269,3
269,2
269,1
269,0
268,3
268,2
268,1
268,0
267,3
267,2
267,1
267,0
266,3
266,2
266,1
266,0
265,3
265,2
265,1
265,0
264,3
264,2
264,1
264,0
263,3
263,2
263,1
263,0
262,3
262,2
262,1
262,0
261,3
261,2
261,1
261,0
260,3
260,2
260,1
260,0
259,3
259,2
259,1
259,0
258,3
258,2
258,1
258,0
257,3
257,2
257,1
257,0
256,3
256,2
256,1
256,0
255,3
255,2
255,1
255,0
254,3
254,2
254,1
254,0
253,3
253,2
253,1
253,0
252,3
252,2
252,1
252,0
251,3
251,2
251,1
251,0
250,3
250,2
250,1
250,0
249,3
249,2
249,1
249,0
248,3
248,2
248,1
248,0
247,3
247,2
247,1
247,0
246,3
246,2
246,1
246,0
245,3
245,2
245,1
245,0
244,3
244,2
244,1
244,0
243,3
243,2
243,1
243,0
242,3
242,2
242,1
242,0
241,3
241,2
241,1
241,0
240,3
240,2
240,1
240,0
239,3
239,2
239,1
239,0
238,3
238,2
238,1
238,0
237,3
237,2
237,1
237,0
236,3
236,2
236,1
236,0
235,3
235,2
235,1
235,0
234,3
234,2
234,1
234,0
233,3
233,2
233,1
233,0
232,3
232,2
232,1
232,0
231,3
231,2
231,1
231,0
230,3
230,2
230,1
230,0
229,3
229,2
229,1
229,0
228,3
228,2
228,1
228,0
227,3
227,2
227,1
227,0
226,3
226,2
226,1
226,0
225,3
225,2
225,1
225,0
224,3
224,2
224,1
224,0
223,3
223,2
223,1
223,0
222,3
222,2
222,1
222,0
221,3
221,2
221,1
221,0
220,3
220,2
220,1
220,0
219,3
219,2
219,1
219,0
218,3
218,2
218,1
218,0
217,3
217,2
217,1
217,0
216,3
216,2
216,1
216,0
215,3
215,2
215,1
215,0
214,3
214,2
214,1
214,0
213,3
213,2
213,1
213,0
212,3
212,2
212,1
212,0
211,3
211,2
211,1
211,0
210,3
210,2
210,1
210,0
209,3
209,2
209,1
209,0
208,3
208,2
208,1
208,0
207,3
207,2
207,1
207,0
206,3
206,2
206,1
206,0
205,3
205,2
205,1
205,0
204,3
204,2
204,1
204,0
203,3
203,2
203,1
203,0
202,3
202,2
202,1
202,0
201,3
201,2
201,1
201,0
200,3
200,2
200,1
200,0
199,3
199,2
199,1
199,0
198,3
198,2
198,1
198,0
197,3
197,2
197,1
197,0
196,3
196,2
196,1
196,0
2,5
2,4
195,3
195,2
195,1
195,0
194,3
194,2
194,1
194,0
193,3
193,2
193,1
193,0
192,3
192,2
192,1
192,0
191,3
191,2
191,1
191,0
178,3
178,2
178,1
178,0
177,3
177,2
177,1
177,0
176,4
176,3
176,2
176,1
176,0
175,4
175,3
175,2
175,1
175,0
174,4
174,3
174,2
174,1
174,0
173,5
173,4
173,3
173,2
173,1
173,0
172,4
172,3
172,2
172,1
172,0
171,3
171,2
171,1
171,0
170,4
170,3
170,2
170,1
170,0
169,4
169,3
169,2
169,1
169,0
168,4
168,3
168,2
168,1
168,0
167,5
167,4
167,3
167,2
167,1
167,0
166,5
166,4
166,3
166,2
166,1
166,0
21,5
21,4
21,3
21,2
21,1
21,0
20,5
20,4
20,3
20,2
20,1
20,0
19,3
19,2
19,1
19,0
18,3
18,2
18,1
18,0
17,5
17,4
17,3
17,2
17,1
17,0
16,3
16,2
16,1
16,0
4,3
2,3
2,2
2,1
2,0
1,3
0,410
0,324
0,243
0,9
0,0
0,1
0,412
0,300
0,411
0,299
0,409
0,298
0,408
0,297
0,407
0,296
0,406
0,295
0,405
0,294
0,404
0,293
0,403
0,292
0,402
0,291
0,401
0,290
0,400
0,289
0,399
0,288
0,398
0,287
0,397
0,286
0,396
0,285
0,395
0,284
0,429
0,283
0,394
0,282
0,393
0,281
0,392
0,280
0,391
0,279
0,428
0,278
0,390
0,277
0,389
0,276
0,427
0,275
0,388
0,274
0,426
0,273
0,425
0,272
0,387
0,271
0,424
0,270
0,386
0,269
0,423
0,268
0,422
0,267
0,421
0,266
0,385
0,265
0,420
0,264
0,384
0,263
0,419
0,262
0,383
0,261
0,382
0,260
0,381
0,259
0,432
0,258
0,380
0,257
0,379
0,256
0,418
0,255
0,378
0,254
0,377
0,253
0,376
0,252
0,433
0,251
0,375
0,250
0,374
0,249
0,373
0,248
0,431
0,247
0,372
0,246
0,371
0,245
0,370
0,244
0,430
0,242
0,369
0,241
0,368
0,240
0,435
0,239
0,367
0,238
0,366
0,237
0,365
0,236
0,434
0,235
0,364
0,234
0,363
0,233
0,417
0,232
0,362
0,231
0,361
0,230
0,360
0,229
0,416
0,228
0,359
0,227
0,358
0,226
0,415
0,225
0,357
0,224
0,344
0,223
0,343
0,222
0,342
0,221
0,341
0,220
0,355
0,219
0,354
0,218
0,340
0,217
0,339
0,216
0,338
0,215
0,353
0,214
0,352
0,213
0,337
0,212
0,336
0,211
0,351
0,210
0,335
0,209
0,208
0,333
0,207
0,332
0,206
0,350
0,205
0,349
0,204
0,331
0,203
0,330
0,202
0,329
0,201
0,328
0,200
0,356
0,199
0,327
0,198
0,326
0,197
0,325
0,196
0,323
0,195
0,348
0,194
0,322
0,193
0,321
0,192
0,320
0,63
0,347
0,62
0,319
0,61
0,318
0,60
0,317
0,59
0,346
0,58
0,345
0,57
0,414
0,56
0,316
0,55
0,315
0,54
0,314
0,53
0,413
0,52
0,313
0,51
0,312
0,50
0,311
0,49
0,310
0,48
0,309
0,47
0,308
0,46
0,307
0,45
0,301
0,6
0,5
0,304
0,303
0,306
0,305
0,302
0,12
0,10
0,8
0,11
0,4
0,2
0,3
0,7
